﻿YYYY-MM,IP,CLI,LOGIP,LOGCLI,GRIP,GRCLI
1985M01,60.962,53.8,4.110251,3.985273,-0.002490,0.009337
1985M02,61.236,54.0,4.114735,3.988984,0.004485,0.003711
1985M03,61.303,54.3,4.115829,3.994524,0.001094,0.005540
1985M04,61.171,54.3,4.113673,3.994524,-0.002156,0.000000
1985M05,61.222,54.7,4.114507,4.001864,0.000833,0.007339
1985M06,61.268,55.2,4.115258,4.010963,0.000751,0.009099
1985M07,60.875,55.3,4.108823,4.012773,-0.006435,0.001810
1985M08,61.131,55.6,4.113019,4.018183,0.004197,0.005410
1985M09,61.387,55.9,4.117198,4.023564,0.004179,0.005381
1985M10,61.155,56.0,4.113412,4.025352,-0.003786,0.001787
1985M11,61.352,56.1,4.116628,4.027136,0.003216,0.001784
1985M12,61.996,56.8,4.127070,4.039536,0.010442,0.012401
1986M01,62.286,56.9,4.131737,4.041295,0.004667,0.001759
1986M02,61.819,57.0,4.124211,4.043051,-0.007526,0.001756
1986M03,61.428,57.2,4.117866,4.046554,-0.006345,0.003503
1986M04,61.472,57.5,4.118582,4.051785,0.000716,0.005231
1986M05,61.564,57.7,4.120077,4.055257,0.001495,0.003472
1986M06,61.384,58.0,4.117149,4.060443,-0.002928,0.005186
1986M07,61.768,58.0,4.123385,4.060443,0.006236,0.000000
1986M08,61.656,58.1,4.121571,4.062166,-0.001815,0.001723
1986M09,61.772,58.2,4.123450,4.063885,0.001880,0.001720
1986M10,62.051,58.6,4.127957,4.070735,0.004506,0.006849
1986M11,62.342,58.7,4.132635,4.072440,0.004679,0.001705
1986M12,62.897,59.4,4.141498,4.084294,0.008863,0.011854
1987M01,62.691,59.2,4.138218,4.080922,-0.003281,-0.003373
1987M02,63.496,59.8,4.150977,4.091006,0.012759,0.010084
1987M03,63.600,60.0,4.152613,4.094345,0.001637,0.003339
1987M04,63.957,60.0,4.158211,4.094345,0.005598,0.000000
1987M05,64.406,60.1,4.165207,4.096010,0.006996,0.001665
1987M06,64.734,60.4,4.170287,4.100989,0.005080,0.004979
1987M07,65.136,60.8,4.176477,4.107590,0.006191,0.006601
1987M08,65.594,60.9,4.183484,4.109233,0.007007,0.001643
1987M09,65.784,61.1,4.186377,4.112512,0.002892,0.003279
1987M10,66.770,61.1,4.201254,4.112512,0.014877,0.000000
1987M11,67.133,60.9,4.206676,4.109233,0.005422,-0.003279
1987M12,67.445,60.8,4.211312,4.107590,0.004637,-0.001643
1988M01,67.457,60.9,4.211490,4.109233,0.000178,0.001643
1988M02,67.718,61.6,4.215352,4.120662,0.003862,0.011429
1988M03,67.895,61.8,4.217962,4.123903,0.002610,0.003241
1988M04,68.271,61.8,4.223485,4.123903,0.005523,0.000000
1988M05,68.208,61.9,4.222562,4.125520,-0.000923,0.001617
1988M06,68.370,62.8,4.224934,4.139955,0.002372,0.014435
1988M07,68.490,62.3,4.226688,4.131961,0.001754,-0.007994
1988M08,68.818,62.4,4.231465,4.133565,0.004778,0.001604
1988M09,68.602,62.4,4.228322,4.133565,-0.003144,0.000000
1988M10,68.990,62.6,4.233962,4.136765,0.005640,0.003200
1988M11,69.128,62.5,4.235960,4.135167,0.001998,-0.001599
1988M12,69.439,62.8,4.240449,4.139955,0.004489,0.004789
1989M01,69.602,62.9,4.242793,4.141546,0.002345,0.001591
1989M02,69.280,62.5,4.238156,4.135167,-0.004637,-0.006380
1989M03,69.444,61.9,4.240521,4.125520,0.002364,-0.009646
1989M04,69.435,62.2,4.240391,4.130355,-0.000130,0.004835
1989M05,68.974,61.7,4.233730,4.122284,-0.006661,-0.008071
1989M06,68.982,61.6,4.233846,4.120662,0.000116,-0.001622
1989M07,68.343,61.5,4.224539,4.119037,-0.009306,-0.001625
1989M08,68.980,61.6,4.233817,4.120662,0.009277,0.001625
1989M09,68.784,61.7,4.230971,4.122284,-0.002845,0.001622
1989M10,68.707,61.4,4.229851,4.117410,-0.001120,-0.004874
1989M11,68.906,61.6,4.232743,4.120662,0.002892,0.003252
1989M12,69.407,61.8,4.239988,4.123903,0.007244,0.003241
1990M01,69.031,61.9,4.234556,4.125520,-0.005432,0.001617
1990M02,69.643,61.3,4.243382,4.115780,0.008827,-0.009740
1990M03,69.959,61.7,4.247909,4.122284,0.004527,0.006504
1990M04,69.871,61.3,4.246651,4.115780,-0.001259,-0.006504
1990M05,69.993,61.2,4.248395,4.114147,0.001745,-0.001633
1990M06,70.193,61.4,4.251249,4.117410,0.002853,0.003263
1990M07,70.093,61.2,4.249823,4.114147,-0.001426,-0.003263
1990M08,70.267,60.7,4.252302,4.105944,0.002479,-0.008203
1990M09,70.404,60.3,4.254250,4.099332,0.001948,-0.006612
1990M10,69.892,59.8,4.246951,4.091006,-0.007299,-0.008326
1990M11,69.051,59.4,4.234845,4.084294,-0.012106,-0.006711
1990M12,68.585,59.5,4.228074,4.085976,-0.006772,0.001682
1991M01,68.264,59.2,4.223383,4.080922,-0.004691,-0.005055
1991M02,67.817,59.7,4.216813,4.089332,-0.006570,0.008410
1991M03,67.465,60.1,4.211609,4.096010,-0.005204,0.006678
1991M04,67.610,60.5,4.213756,4.102643,0.002147,0.006634
1991M05,68.275,60.9,4.223544,4.109233,0.009788,0.006590
1991M06,68.956,61.3,4.233469,4.115780,0.009925,0.006547
1991M07,68.948,62.1,4.233353,4.128746,-0.000116,0.012966
1991M08,69.040,61.8,4.234686,4.123903,0.001333,-0.004843
1991M09,69.619,62.0,4.243038,4.127134,0.008351,0.003231
1991M10,69.472,62.1,4.240924,4.128746,-0.002114,0.001612
1991M11,69.360,62.1,4.239310,4.128746,-0.001613,0.000000
1991M12,69.139,62.0,4.236119,4.127134,-0.003191,-0.001612
1992M01,68.742,62.5,4.230360,4.135167,-0.005759,0.008032
1992M02,69.248,63.0,4.237694,4.143135,0.007334,0.007968
1992M03,69.802,63.6,4.245663,4.152613,0.007968,0.009479
1992M04,70.308,63.8,4.252886,4.155753,0.007223,0.003140
1992M05,70.566,64.2,4.256548,4.162003,0.003663,0.006250
1992M06,70.598,64.3,4.257002,4.163560,0.000453,0.001556
1992M07,71.178,64.4,4.265184,4.165114,0.008182,0.001554
1992M08,70.812,64.6,4.260028,4.168214,-0.005155,0.003101
1992M09,70.973,64.9,4.262300,4.172848,0.002271,0.004633
1992M10,71.491,65.3,4.269572,4.178992,0.007272,0.006144
1992M11,71.760,65.9,4.273327,4.188138,0.003756,0.009146
1992M12,71.761,66.8,4.273341,4.201703,0.000014,0.013565
1993M01,72.113,66.8,4.278234,4.201703,0.004893,0.000000
1993M02,72.365,67.1,4.281723,4.206184,0.003488,0.004481
1993M03,72.370,66.7,4.281792,4.200205,0.000069,-0.005979
1993M04,72.623,67.2,4.285282,4.207673,0.003490,0.007468
1993M05,72.358,67.3,4.281626,4.209160,-0.003656,0.001487
1993M06,72.537,67.6,4.284097,4.213608,0.002471,0.004448
1993M07,72.783,67.5,4.287482,4.212128,0.003386,-0.001480
1993M08,72.779,68.1,4.287427,4.220977,-0.000055,0.008850
1993M09,73.096,68.4,4.291774,4.225373,0.004346,0.004396
1993M10,73.617,68.7,4.298876,4.229749,0.007102,0.004376
1993M11,73.920,69.1,4.302983,4.235555,0.004107,0.005806
1993M12,74.306,69.8,4.308192,4.245634,0.005208,0.010079
1994M01,74.626,70.0,4.312489,4.248495,0.004297,0.002861
1994M02,74.624,70.0,4.312462,4.248495,-0.000027,0.000000
1994M03,75.408,70.7,4.322913,4.258446,0.010451,0.009950
1994M04,75.783,70.9,4.327874,4.261270,0.004961,0.002825
1994M05,76.201,71.4,4.333375,4.268298,0.005501,0.007027
1994M06,76.710,71.5,4.340032,4.269697,0.006657,0.001400
1994M07,76.879,71.4,4.342233,4.268298,0.002201,-0.001400
1994M08,77.264,71.9,4.347228,4.275276,0.004995,0.006978
1994M09,77.447,72.2,4.349594,4.279440,0.002366,0.004164
1994M10,78.098,72.6,4.357964,4.284965,0.008371,0.005525
1994M11,78.611,72.8,4.364512,4.287716,0.006547,0.002751
1994M12,79.488,73.1,4.375606,4.291828,0.011094,0.004112
1995M01,79.730,73.0,4.378646,4.290459,0.003040,-0.001369
1995M02,79.713,72.9,4.378433,4.289089,-0.000213,-0.001371
1995M03,79.812,72.4,4.379674,4.282206,0.001241,-0.006882
1995M04,79.747,72.4,4.378859,4.282206,-0.000815,0.000000
1995M05,79.917,72.4,4.380989,4.282206,0.002129,0.000000
1995M06,80.142,72.6,4.383800,4.284965,0.002811,0.002759
1995M07,79.860,72.8,4.380275,4.287716,-0.003525,0.002751
1995M08,80.937,73.2,4.393671,4.293195,0.013396,0.005479
1995M09,81.234,73.4,4.397334,4.295924,0.003663,0.002729
1995M10,81.045,73.3,4.395005,4.294561,-0.002329,-0.001363
1995M11,81.283,73.3,4.397937,4.294561,0.002932,0.000000
1995M12,81.662,73.7,4.402589,4.300003,0.004652,0.005442
1996M01,81.174,72.7,4.396595,4.286341,-0.005994,-0.013661
1996M02,82.545,73.6,4.413344,4.298645,0.016749,0.012304
1996M03,82.364,74.1,4.411148,4.305416,-0.002195,0.006771
1996M04,82.979,74.4,4.418588,4.309456,0.007439,0.004040
1996M05,83.482,74.8,4.424631,4.314818,0.006043,0.005362
1996M06,84.222,75.4,4.433456,4.322807,0.008825,0.007989
1996M07,84.114,75.5,4.432173,4.324133,-0.001283,0.001325
1996M08,84.647,75.6,4.438490,4.325456,0.006317,0.001324
1996M09,85.088,75.9,4.443686,4.329417,0.005196,0.003960
1996M10,85.099,76.0,4.443815,4.330733,0.000129,0.001317
1996M11,85.840,76.5,4.452485,4.337291,0.008670,0.006557
1996M12,86.421,76.5,4.459231,4.337291,0.006746,0.000000
1997M01,86.525,76.8,4.460433,4.341205,0.001203,0.003914
1997M02,87.577,77.8,4.472518,4.354141,0.012085,0.012937
1997M03,88.271,78.0,4.480412,4.356709,0.007893,0.002567
1997M04,88.284,77.9,4.480559,4.355426,0.000147,-0.001283
1997M05,88.852,78.6,4.486972,4.364372,0.006413,0.008946
1997M06,89.261,78.9,4.491565,4.368181,0.004593,0.003810
1997M07,89.775,79.7,4.497307,4.378270,0.005742,0.010088
1997M08,91.006,79.7,4.510925,4.378270,0.013619,0.000000
1997M09,91.838,80.1,4.520026,4.383276,0.009101,0.005006
1997M10,92.524,80.5,4.527468,4.388257,0.007442,0.004981
1997M11,93.386,80.8,4.536741,4.391977,0.009273,0.003720
1997M12,93.755,80.6,4.540685,4.389499,0.003944,-0.002478
1998M01,94.148,80.8,4.544868,4.391977,0.004183,0.002478
1998M02,94.169,81.6,4.545091,4.401829,0.000223,0.009852
1998M03,94.192,81.6,4.545335,4.401829,0.000244,0.000000
1998M04,94.670,81.8,4.550397,4.404277,0.005062,0.002448
1998M05,95.258,81.8,4.556589,4.404277,0.006192,0.000000
1998M06,94.741,81.5,4.551147,4.400603,-0.005442,-0.003674
1998M07,94.358,81.7,4.547096,4.403054,-0.004051,0.002451
1998M08,96.314,82.0,4.567614,4.406719,0.020518,0.003665
1998M09,96.059,81.9,4.564963,4.405499,-0.002651,-0.001220
1998M10,96.743,82.0,4.572058,4.406719,0.007095,0.001220
1998M11,96.673,82.7,4.571334,4.415220,-0.000724,0.008500
1998M12,96.997,83.0,4.574680,4.418841,0.003346,0.003621
1999M01,97.485,83.4,4.579699,4.423648,0.005018,0.004808
1999M02,97.895,84.1,4.583895,4.432007,0.004197,0.008358
1999M03,98.086,84.0,4.585845,4.430817,0.001949,-0.001190
1999M04,98.295,83.9,4.587973,4.429626,0.002129,-0.001191
1999M05,99.031,84.3,4.595433,4.434382,0.007460,0.004756
1999M06,98.866,84.7,4.593765,4.439116,-0.001668,0.004734
1999M07,99.496,85.1,4.600117,4.443827,0.006352,0.004711
1999M08,99.977,85.2,4.604940,4.445001,0.004823,0.001174
1999M09,99.609,85.3,4.601253,4.446174,-0.003688,0.001173
1999M10,100.946,85.5,4.614586,4.448516,0.013333,0.002342
1999M11,101.553,86.0,4.620581,4.454347,0.005995,0.005831
1999M12,102.394,86.5,4.628828,4.460144,0.008247,0.005797
2000M01,102.465,86.8,4.629521,4.463607,0.000693,0.003462
2000M02,102.837,86.3,4.633145,4.457830,0.003624,-0.005777
2000M03,103.242,86.7,4.637076,4.462454,0.003931,0.004624
2000M04,103.900,87.2,4.643429,4.468204,0.006353,0.005750
2000M05,104.143,86.6,4.645765,4.461300,0.002336,-0.006905
2000M06,104.287,86.7,4.647147,4.462454,0.001382,0.001154
2000M07,104.032,86.5,4.644699,4.460144,-0.002448,-0.002309
2000M08,103.810,86.3,4.642562,4.457830,-0.002136,-0.002315
2000M09,104.264,86.3,4.646926,4.457830,0.004364,0.000000
2000M10,103.808,85.9,4.642543,4.453184,-0.004383,-0.004646
2000M11,103.821,85.6,4.642668,4.449685,0.000125,-0.003499
2000M12,103.475,85.0,4.639330,4.442651,-0.003338,-0.007034
2001M01,102.748,84.9,4.632279,4.441474,-0.007051,-0.001177
2001M02,102.162,84.5,4.626560,4.436752,-0.005720,-0.004723
2001M03,101.829,84.2,4.623295,4.433195,-0.003265,-0.003557
2001M04,101.570,84.1,4.620748,4.432007,-0.002547,-0.001188
2001M05,100.868,84.5,4.613813,4.436752,-0.006935,0.004745
2001M06,100.227,84.6,4.607438,4.437934,-0.006375,0.001183
2001M07,99.761,84.8,4.602777,4.440296,-0.004660,0.002361
2001M08,99.402,84.9,4.599172,4.441474,-0.003605,0.001179
2001M09,98.967,84.2,4.594786,4.433195,-0.004386,-0.008279
2001M10,98.416,84.3,4.589203,4.434382,-0.005583,0.001187
2001M11,97.887,85.3,4.583814,4.446174,-0.005390,0.011793
2001M12,97.840,86.6,4.583333,4.461300,-0.000480,0.015125
2002M01,98.322,87.1,4.588248,4.467057,0.004914,0.005757
2002M02,98.398,87.7,4.589020,4.473922,0.000773,0.006865
2002M03,99.108,88.0,4.596210,4.477337,0.007190,0.003415
2002M04,99.472,88.1,4.599876,4.478473,0.003666,0.001136
2002M05,99.977,89.0,4.604940,4.488636,0.005064,0.010164
2002M06,100.930,89.0,4.614427,4.488636,0.009487,0.000000
2002M07,100.621,89.1,4.611361,4.489759,-0.003066,0.001123
2002M08,100.732,89.3,4.612464,4.492001,0.001103,0.002242
2002M09,100.739,89.3,4.612533,4.492001,0.000069,0.000000
2002M10,100.446,89.4,4.609620,4.493121,-0.002913,0.001119
2002M11,100.877,90.2,4.613902,4.502029,0.004282,0.008909
2002M12,100.376,90.5,4.608923,4.505350,-0.004979,0.003320
2003M01,101.027,90.6,4.615388,4.506454,0.006465,0.001104
2003M02,101.412,90.5,4.619191,4.505350,0.003804,-0.001104
2003M03,101.252,90.6,4.617612,4.506454,-0.001579,0.001104
2003M04,100.397,91.1,4.609132,4.511958,-0.008480,0.005504
2003M05,100.433,92.5,4.609491,4.527209,0.000359,0.015251
2003M06,100.617,93.1,4.611321,4.533674,0.001830,0.006466
2003M07,101.061,93.8,4.615724,4.541165,0.004403,0.007491
2003M08,100.958,94.3,4.614705,4.546481,-0.001020,0.005316
2003M09,101.485,95.0,4.619911,4.553877,0.005206,0.007396
2003M10,101.578,95.8,4.620827,4.562263,0.000916,0.008386
2003M11,102.401,96.4,4.628896,4.568506,0.008070,0.006244
2003M12,102.315,96.9,4.628056,4.573680,-0.000840,0.005173
2004M01,102.586,97.5,4.630701,4.579852,0.002645,0.006173
2004M02,103.119,97.8,4.635884,4.582925,0.005182,0.003072
2004M03,102.562,99.1,4.630467,4.596129,-0.005416,0.013205
2004M04,103.075,99.3,4.635457,4.598146,0.004989,0.002016
2004M05,103.790,100.0,4.642370,4.605170,0.006913,0.007025
2004M06,102.925,100.2,4.634001,4.607168,-0.008369,0.001998
2004M07,103.624,100.6,4.640769,4.611152,0.006768,0.003984
2004M08,103.889,100.6,4.643323,4.611152,0.002554,0.000000
2004M09,103.818,100.8,4.642639,4.613138,-0.000684,0.001986
2004M10,104.828,100.7,4.652321,4.612146,0.009682,-0.000993
2004M11,105.178,101.4,4.655654,4.619073,0.003333,0.006927
2004M12,105.778,102.0,4.661343,4.624973,0.005688,0.005900
2005M01,106.258,101.8,4.665870,4.623010,0.004528,-0.001963
2005M02,106.870,102.2,4.671613,4.626932,0.005743,0.003922
2005M03,106.833,101.7,4.671267,4.622027,-0.000346,-0.004904
2005M04,106.759,101.8,4.670574,4.623010,-0.000693,0.000983
2005M05,107.101,102.1,4.673772,4.625953,0.003198,0.002943
2005M06,107.582,103.1,4.678253,4.635699,0.004481,0.009747
2005M07,107.556,102.9,4.678012,4.633758,-0.000242,-0.001942
2005M08,107.742,103.1,4.679739,4.635699,0.001728,0.001942
2005M09,105.803,102.4,4.661579,4.628887,-0.018161,-0.006813
2005M10,107.061,103.3,4.673399,4.637637,0.011820,0.008751
2005M11,108.188,104.2,4.683870,4.646312,0.010472,0.008675
2005M12,108.765,104.2,4.689190,4.646312,0.005319,0.000000
2006M01,108.822,104.7,4.689714,4.651099,0.000524,0.004787
2006M02,108.739,104.4,4.688951,4.648230,-0.000763,-0.002869
2006M03,108.997,104.6,4.691320,4.650144,0.002370,0.001914
2006M04,109.435,104.4,4.695331,4.648230,0.004010,-0.001914
2006M05,109.341,103.7,4.694471,4.641502,-0.000859,-0.006728
2006M06,109.866,103.9,4.699261,4.643429,0.004790,0.001927
2006M07,110.143,103.7,4.701780,4.641502,0.002518,-0.001927
2006M08,110.236,103.3,4.702624,4.637637,0.000844,-0.003865
2006M09,109.827,103.7,4.698906,4.641502,-0.003717,0.003865
2006M10,109.744,103.9,4.698150,4.643429,-0.000756,0.001927
2006M11,109.527,103.8,4.696171,4.642466,-0.001979,-0.000963
2006M12,110.175,104.4,4.702070,4.648230,0.005899,0.005764
2007M01,109.779,104.0,4.698469,4.644391,-0.003601,-0.003839
2007M02,110.518,103.7,4.705178,4.641502,0.006709,-0.002889
2007M03,110.404,104.1,4.704146,4.645352,-0.001032,0.003850
2007M04,110.953,103.9,4.709107,4.643429,0.004960,-0.001923
2007M05,110.969,104.0,4.709251,4.644391,0.000144,0.000962
2007M06,111.355,103.9,4.712723,4.643429,0.003472,-0.000962
2007M07,112.002,104.6,4.718517,4.650144,0.005793,0.006715
2007M08,112.000,103.6,4.718499,4.640537,-0.000018,-0.009606
2007M09,112.260,103.7,4.720818,4.641502,0.002319,0.000965
2007M10,111.826,103.2,4.716944,4.636669,-0.003874,-0.004833
2007M11,112.296,102.8,4.721138,4.632785,0.004194,-0.003884
2007M12,112.442,102.6,4.722438,4.630838,0.001299,-0.001947